-6
-7
54
-15
19
40
-44
49
-48
73
0
6
-33
20
84
109
-18
53
-15
-42
20
8
-67
-18
-46
27
47
9
1
109
53
25
104
-4
113
40
-2
-43
-13
115
99
115
28
138
-134
27
113
-2
42
3
34
1
-126
-4
7
9
23
-72
6
109
41
-42
-24
-15
28
-42
73
25
14
19
-93
-34
113
73
-16
34
-34
95
84
49
40
-46
-52
20
40
115
-15
0
-46
9
1
-93
-34
-103
-13
135
73
0
34
-52
0
-67
-16
-67
9
54
3
87
-18
-30
-45
53
0
6
36
45
28
-2
5
-52
1
115
-72
73
9
0
28
-40
-67
-43
45
-72
53
-134
-13
-13
-52
-1
7
95
1
0
10
-15
49
53
-42
3
-93
104
95
-126
10
135
3
-7
9
138
87
54
41
8
-31
23
25
0
-42
-117
-26
0
-1
95
27
73
-103
-19
0
23
-24
10
104
-46
-18
-117
42
147
-33
53
-55
1
-18
-24
53
73
-48
-42
47
109
138
-18
-30
40
147
-42
115
-55
-16
15
-72
104
-45
3
115
-72
9
40
-72
41
0
3
9
-67
40
9
-103
42
-134
4
-34
40
23
10
0
84
109
-117
45
135
-117
113
23
-45
36
-13
-7
3
20
-16
-26
10
-13
34
-117
-16
10
-13
-13
-40
3
28
-45
10
147
-72
6
73
-24
-34
-19
6
53
40
-48
-13
-19
-6
-18
53
-126
-103
-18
-44
-117
-67
0
-18
-79
15
-15
-16
135
45
-93
8
84
-48
-2
0
7
-34
20
-4
-16
-31
36
9
-79
109
15
54
-117
40
0
-18
5
-52
-72
-31
-55
23
27
28
-117
9
-34
10
34
-10
-15
-103
-13
95
0
-13
-15
7
-134
3
40
7
-103
3
-72
-15
-13
84
0
-6
104
135
104
-126
109
27
0
40
3
53
-52
36
8
47
49
0
5
0
-1
8
-55
113
-13
-2
-45
34
-31
135
49
0
20
54
10
73
28
3
20
147
-46
87
-34
-18
138
0
-19
109
147
-117
41
41
15
20
34
-117
-44
10
-44
10
42
-16
-40
-30
-30
23
-72
49
113
42
-15
0
104
-4
8
0
7
3
5
-33
3
-45
54
49
0
49
-4
-72
87
10
14
0
47
0
10
6
-18
-44
-117
0
-117
-15
40
23
-15
49
-13
8
-93
-45
40
47
-13
28
-18
25
-18
-43
0
20
-2
34
-43
-55
53
15
-4
3
-19
49
53
20
34
135
53
-18
109
-30
9
99
-72
28
54
7
12
-15
15
45
138
0
0
-72
20
138
-15
-42
-44
40
-6
-117
10
-6
-93
-10
8
27
19
-18
28
36
10
8
-126
-4
40
23
-15
-26
0
27
4
5
45
10
-16
138
-33
0
-13
0
41
-134
-15
-26
12
-44
-43
8
-18
14
-13
53
12
3
54
-34
3
-72
73
-55
-30
-1
73
8
0
25
113
28
104
53
-18
-43
-117
113
15
40
-134
-6
73
53
-13
41
147
4
-26
95
12
10
-19
28
-31
-15
-1
-67
28
-67
-18
9
-48
147
10
113
-40
-7
-45
-134
54
25
3
20
-24
0
104
3
-45
-30
113
99
4
53
-13
-72
-15
40
12
109
0
28
-103
-46
-6
-134
7
99
40
42
15
12
42
-18
-40
8
20
53
-117
87
-117
9
40
-40
9
8
-40
9
-117
-72
-67
0
-72
54
-26
19
-117
138
42
1
28
-48
20
19
-16
9
-18
27
0
14
-134
53
53
49
-15
-24
-72
34
-43
147
-134
84
41
-48
45
104
95
-34
3
23
-40
-46
3
138
6
-13
41
47
135
40
1
47
-19
49
-40
-15
-72
-30
-103
53
54
-117
0
23
84
3
19
0
1
-72
0
6
-18
45
-19
20
-117
20
-7
10
-34
4
54
10
0
42
47
6
12
-30
34
3
-79
-13
23
20
-16
10
-15
-40
-46
49
-7
19
28
54
5
0
34
-10
-18
20
49
15
-93
-18
0
-34
-34
53
34
15
9
84
-18
42
8
25
20
0
-15
20
0
-117
-52
27
36
-126
28
-18
-103
4
40
-103
-4
15
-26
19
10
-40
28
25
25
99
40
-1
-48
-42
113
-15
40
12
-7
40
147
-40
-43
34
-26
-15
-4
54
-4
-72
54
45
-117
20
-7
-43
-42
-117
-93
-67
-52
14
138
27
-117
9
19
8
53
8
-13
5
-52
147
-16
-13
73
-55
-45
53
-117
-15
-1
3
-55
47
-43
10
-45
20
23
49
0
104
-79
115
-43
0
3
-18
15
1
0
-117
0
104
138
109
49
-7
-103
-16
-67
6
-40
53
-72
-103
-45
109
-72
-33
15
36
6
53
-126
-72
104
-43
9
7
3
20
-13
0
-40
-19
-79
28
7
49
27
9
12
7
49
-13
49
-52
-18
95
-72
-19
-13
-93
42
1
0
-43
0
-126
138
-19
54
-93
138
-52
53
-46
3
109
-30
-117
6
-67
-18
19
0
7
104
49
-34
147
-19
-18
49
73
19
-134
53
4
40
3
-45
-126
20
-48
-15
-117
49
-18
20
-13
115
84
8
-2
-44
-34
3
25
-16
-13
5
147
-16
53
104
138
-126
49
-42
0
